Combination_ID	Flex1	Hydr1	CADD1	CADD2	CADD3	CADD4	HI_A	RecA	HI_B	RecB	Biol_Dist
dd045	0.09	-0.3	7.184928	-3.0	13.447056	-3.0	0.1417	0.1398	0.1251	0.12788	11.82515
dd050	0.012	-0.1	5.030864	-3.0	8.352473	-3.0	0.3802	0.6912	0.559	0.2286	25.95827
dd132	0.03	1.21	7.508378	7.508378	2.097476	-3.0	0.2659	0.2665	0.19898	0.535	1.11111
dd131	0.04	-0.23	6.091067	-3.0	4.938791	4.938791	0.2659	0.2665	0.19898	0.535	1.11111
dd041	-0.06	0.57	3.348112	-3.0	6.703187	-3.0	0.1193	0.5592	0.5432	0.1417	13.25026
dd133	0.04	-0.23	7.795792	7.795792	0.39105	0.39105	0.2659	0.2665	0.19898	0.535	1.11111
dd114	-0.16	-0.08	3.143868	-3.0	2.346085	-3.0	0.6954	0.379	0.2659	0.2665	1.11111
dd011	0.04	-0.23	7.795792	7.795792	5.309201	-3.0	0.2659	0.2665	0.19898	0.535	1.11111
dd116	0.0	0.0	2.622102	-3.0	3.706122	-3.0	0.9989	0.8746	0.19898	0.535	1.25
dd115	0.04	-0.23	7.795792	3.479582	1.56631	-3.0	0.2659	0.2665	0.19898	0.535	1.11111
dd130	-0.08	-0.03	6.602117	6.602117	6.730777	-3.0	0.3711	0.0994	0.2433	0.2029	4.72222
dd129	0.18	-1.05	5.637301	-3.0	7.034739	-3.0	0.3711	0.0994	0.2433	0.2029	4.72222
dd126	0.16	0.08	4.82225	4.82225	6.730777	-3.0	0.3711	0.0994	0.2433	0.2029	4.72222
dd125	0.01	0.8	4.300161	4.300161	6.730777	-3.0	0.3711	0.0994	0.2433	0.2029	4.72222
dd128	0.18	-1.05	5.420321	5.420321	7.034739	-3.0	0.3711	0.0994	0.2433	0.2029	4.72222
dd127	0.18	0.16	5.724669	5.724669	6.730777	-3.0	0.3711	0.0994	0.2433	0.2029	4.72222
dd036	0.14	-0.37	7.071389	5.267489	6.949538	-3.0	0.1475	0.4323	0.1577	0.2732	1.11111
dd035	-0.14	0.37	5.267489	-3.0	6.949538	-3.0	0.1475	0.4323	0.1577	0.2732	1.11111
dd052	0.03	1.22	-0.048705	-3.0	5.269899	5.269899	0.3136	0.5419	0.1066	0.7304	1.25
dd051	-0.011	0.020090909	5.896963	-3.0	5.269899	-3.0	0.3136	0.5419	0.1066	0.7304	1.25
dd179	0.04	-0.23	3.391131	-3.0	6.003673	-3.0	0.0543	0.5737	0.1022	0.1601	19.44444
dd181	0.18	-1.05	2.039476	-3.0	4.454645	-3.0	0.0543	0.5737	0.1022	0.1601	19.44444
dd177	-0.03	-0.1	5.406608	-3.0	-0.236965	-3.0	0.0543	0.5737	0.1022	0.1601	19.44444
dd178	-0.03	-0.1	5.406608	-3.0	1.41975	-3.0	0.0543	0.5737	0.1022	0.1601	19.44444
dd175	0.14	-0.69	5.193505	-3.0	3.506504	-3.0	0.0543	0.5737	0.1022	0.1601	19.44444
dd176	-0.03	-0.1	5.406608	-3.0	-0.094079	-3.0	0.0543	0.5737	0.1022	0.1601	19.44444
dd173	-0.03	-0.1	4.988554	-3.0	11.199338	-3.0	0.0543	0.5737	0.1022	0.1601	19.44444
dd174	-0.03	-0.1	5.406608	-3.0	1.292546	-3.0	0.0543	0.5737	0.1022	0.1601	19.44444
dd182	-0.03	-0.1	5.406608	-3.0	6.962126	-3.0	0.0543	0.5737	0.1022	0.1601	19.44444
dd184	-0.16	1.37	0.364326	-3.0	4.289207	-3.0	0.0543	0.5737	0.1022	0.1601	19.44444
dd026	0.15	0.06	6.3007	-3.0	7.049399	-3.0	0.4916	0.4104	0.1083	0.6197	18.88889
dd013	-0.04	-0.371818182	1.817136	-3.0	4.179802	-3.0	0.1533	0.238	0.9963	0.786	6.05872
dd015	0.03	-1.03	2.755281	2.755281	4.871353	-3.0	0.4944	0.2064	0.1678	0.1337	10.83333
dd016	-0.08	-0.03	7.269605	-3.0	2.620062	2.620062	0.1533	0.238	0.4944	0.2064	12.83808
dd017	0.0	0.0	-0.227342	-3.0	14.280427	-3.0	0.1533	0.238	0.1053	0.1425	17.88889
dd140	-0.08	-0.03	0.31791	-3.0	6.342885	-3.0	0.1177	0.1598	0.9963	0.786	4.72222
dd141	-0.15	0.28	0.909104	-3.0	5.528914	-3.0	0.3311	0.1216	0.1678	0.1337	1.11111
dd088	0.012	-0.1	3.103392	3.103392	5.642749	-3.0	0.3535	0.1226	0.4844	0.3106	1.73
dd012	0.14	-0.69	3.021169	3.021169	4.871353	-3.0	0.4944	0.2064	0.1678	0.1337	10.83333
dd018	0.022181818	-0.329818182	7.220271	-3.0	4.871353	-3.0	0.9963	0.786	0.1678	0.1337	4.72222
dd136	0.036181818	-0.299090909	8.96569	8.96569	4.871353	-3.0	0.4944	0.2064	0.1678	0.1337	10.83333
dd092	0.11	-1.95	6.691796	5.1686335	-1.480627	-3.0	0.0984	0.1489	0.0548	0.1728	5.0
dd091	0.11	-1.95	6.691796	5.1686335	4.677368	-3.0	0.0984	0.1489	0.0548	0.1728	5.0
dd094	0.21	-1.46	3.539622	3.539622	2.095798	-3.0	0.0548	0.1728	0.1288	0.3277	4.72222
dd093	-0.02	-0.32	5.748792	1.833258	6.329919	-3.0	0.0984	0.1489	0.4675	0.3057	1.25
dd096	0.02	0.45	6.58282	6.58282	-3.082944	-3.0	0.19898	0.12788	0.0984	0.1489	4.72222
dd095	-0.23	1.04	7.398156	6.083933	1.317205	-3.0	0.19898	0.12788	0.0984	0.1489	4.72222
dd098	-0.018727273	0.085818182	11.331652	6.941759	6.329919	-3.0	0.1798	0.0954	0.4675	0.3057	4.72222
dd097	0.000363636	-0.086363636	11.331652	11.331652	6.329919	-3.0	0.1798	0.0954	0.4675	0.3057	4.72222
dd100	-0.028727273	0.118	12.83217	6.941759	0.761416	-3.0	0.1798	0.0954	0.0548	0.1728	4.72222
dd099	-0.16	-0.08	-0.944347	-3.0	6.941759	6.941759	0.0984	0.1489	0.1798	0.0954	4.72222
dd060	0.05	-0.81	2.891502	2.891502	6.561938	-3.0	0.1164	0.3326	0.7053	0.2975	1.73611
dd061	0.05	-0.81	2.891502	-3.0	10.38325	-3.0	0.1164	0.3326	0.7053	0.2975	1.73611
dd053	0.07	-0.31	1.093001	-3.0	7.280733	-3.0	0.1164	0.3326	0.3221	0.3367	1.25
dd054	0.05	-0.81	2.891502	-3.0	7.026995	-3.0	0.1164	0.3326	0.3221	0.3367	1.25
dd001	-0.14	1.85	7.238796	-3.0	4.934341	-3.0	0.3221	0.3367	0.7053	0.2975	1.11111
dd048	-0.06	0.57	6.042774	-3.0	6.837372	-3.0	0.0803	0.1114	0.2734	0.2578	11.25
dd058	0.14	-0.69	5.882456	-3.0	5.6315	-3.0	0.1164	0.3326	0.7053	0.2975	1.73611
dd059	0.05	-0.81	2.891502	-3.0	6.006876	-3.0	0.1164	0.3326	0.7053	0.2975	1.73611
dd055	0.05	-0.81	2.891502	-3.0	6.443366	-3.0	0.1164	0.3326	0.3221	0.3367	1.25
dd056	0.05	-0.81	2.891502	-3.0	7.51741	-3.0	0.1164	0.3326	0.3221	0.3367	1.25
dd147	-0.007636364	0.072363636	12.252651	-3.0	1.255376	-3.0	0.3221	0.3367	0.2734	0.2578	5.0
dd046	0.14	-0.69	6.765881	-3.0	5.782433	-3.0	0.988	0.6346	0.713	0.299	1.25
dd223	-0.14	1.01	5.863468	-3.0	3.35376	-3.0	0.3667	0.2135	0.4113	0.2303	1.25
dd199	0.18	-1.05	4.555451	-3.0	5.666926	-3.0	0.5426	0.1321	0.2273	0.1832	2.23214
dd198	0.14	-0.37	5.321841	-3.0	4.161183	-3.0	0.2273	0.1832	0.1022	0.1601	22.81746
dd197	0.0	-0.32	4.172803	-3.0	6.962126	-3.0	0.5426	0.1321	0.1022	0.1601	21.09504
dd194	0.14	-0.37	6.628227	-3.0	6.962126	-3.0	0.5426	0.1321	0.1022	0.1601	21.09504
dd192	-0.16	1.37	0.364326	-3.0	2.463272	-3.0	0.0543	0.5737	0.5426	0.1321	10.62968
dd190	-0.04	1.36	5.692575	-3.0	5.533644	-3.0	0.0543	0.5737	0.5426	0.1321	10.62968
dd191	-0.03	-0.1	5.406608	-3.0	5.876522	-3.0	0.0543	0.5737	0.5426	0.1321	10.62968
dd187	-0.03	-0.1	5.406608	-3.0	4.834253	-3.0	0.0543	0.5737	0.1022	0.1601	19.44444
dd185	0.03	0.12	6.00772	-3.0	6.962126	-3.0	0.0543	0.5737	0.1022	0.1601	19.44444
dd004	-0.08	-0.03	1.906004	-3.0	6.628915	-3.0	0.1296	0.164	0.4294	0.5056	1.25
dd033	-0.14	0.37	5.267489	-3.0	6.949538	5.336907	0.1475	0.4323	0.1577	0.2732	1.11111
dd034	-0.14	0.37	5.267489	-3.0	6.949538	6.949538	0.1475	0.4323	0.1577	0.2732	1.11111
dd040	0.22	-2.66	7.361468	-3.0	8.553653	-3.0	0.1741	0.1631	0.0839	0.0922	6.90865
dd152	-0.006727273	-0.087636364	12.876697	12.876697	5.927192	-3.0	0.1741	0.1631	0.0839	0.0922	6.90865
dd160	0.002	-0.053818182	0.7361	-3.0	7.584707	7.584707	0.0626	0.5373	0.5581	0.9859	23.44356
dd014	0.04	-0.23	7.715444	3.594667	4.711721	-3.0	0.441	0.2362	0.9963	0.786	4.72222
dd021	0.15	0.06	5.51559	5.51559	7.768479	7.768479	0.462	0.1289	0.1214	0.0899	12.58475
dd137	0.02	-0.63	3.503329	-3.0	4.958057	-3.0	0.4944	0.2064	0.9963	0.786	1.25
dd139	0.08	0.03	0.626099	-3.0	3.182132	-3.0	0.4944	0.2064	0.1678	0.1337	10.83333
dd208	0.03	-1.03	6.592527	6.592527	7.376032	-3.0	0.441	0.2362	0.3311	0.1216	1.11111
dd003	-0.08	-0.03	1.906004	-3.0	6.664169	-3.0	0.1296	0.164	0.4294	0.5056	1.25
dd144	0.09	-0.3	6.06052	-3.0	2.091535	-3.0	0.3221	0.3367	0.2734	0.2578	5.0
dd070	0.14	-0.37	4.085318	-3.0	2.611487	-3.0	0.3828	0.5569	0.7053	0.2975	1.77305
dd207	0.21	0.15	7.130986	-3.0	8.018038	4.246159	0.3663	0.1475	0.1743	0.12788	15.67932
dd031	0.028	0.190545455	14.145908	14.111342	10.200297	-3.0	0.2531	0.2825	0.1025	0.3268	1.11111
dd047	0.02	0.45	5.779602	-3.0	6.46059	-3.0	0.7823	0.5949	0.3255	0.12788	1.25
dd024	-0.07	0.31	8.604088	8.604088	-0.303784	-3.0	0.1842	0.4784	0.1429	0.1762	1.73611
dd135	-0.003818182	0.209090909	8.248899	-3.0	7.537829	-3.0	0.508	0.1281	0.1398	0.1012	18.33333
dd043	-0.03	-0.1	6.35887	-3.0	1.984388	-3.0	0.2575	0.214	0.6458	0.3437	2.77778
dd159	0.002	-0.053818182	0.7361	-3.0	7.584707	-3.0	0.0626	0.5373	0.5581	0.9859	23.44356
dd158	0.002	-0.053818182	0.7361	0.7361	7.584707	-3.0	0.0626	0.5373	0.5581	0.9859	23.44356
dd138	-0.02	0.63	4.433476	3.594667	0.578306	-3.0	0.441	0.2362	0.9963	0.786	4.72222
dd148	0.22	-2.66	6.231802	-3.0	8.12013	-3.0	0.7099	0.7138	0.9031	0.6812	1.25
dd078	0.010909091	0.136363636	11.524976	6.083933	0.664501	-3.0	0.19898	0.12788	0.4675	0.3057	4.72222
dd079	0.06	-1.29	6.763315	6.083933	1.83542	-3.0	0.19898	0.12788	0.4675	0.3057	4.72222
dd072	-0.018727273	0.085818182	11.331652	7.199296	4.007672	-3.0	0.1798	0.0954	0.4675	0.3057	4.72222
dd073	0.000363636	-0.086363636	12.204848	12.204848	6.329919	-3.0	0.1798	0.0954	0.4675	0.3057	4.72222
dd071	-0.05	-0.29	5.1686335	-3.0	4.999645	4.999645	0.1798	0.0954	0.4675	0.3057	4.72222
dd076	0.03	-1.03	5.999932	-3.0	4.984436	4.984436	0.19898	0.12788	0.1818	0.1794	1.11111
dd077	-0.23	1.04	6.083933	-3.0	7.492681	4.938791	0.19898	0.12788	0.1798	0.0954	1.11111
dd074	0.000363636	-0.086363636	12.204848	11.305346	6.611887	-3.0	0.1798	0.0954	0.4675	0.3057	4.72222
dd075	-0.14	1.85	7.633384	7.633384	6.450745	6.450745	0.1288	0.3277	0.1798	0.0954	1.11111
dd089	0.017272727	-0.252727273	5.751612	4.725463	5.47523	-3.0	0.0984	0.1489	0.3718	0.2248	4.72222
dd090	-0.029272727	0.110727273	8.704122	5.748792	6.329919	-3.0	0.0984	0.1489	0.4675	0.3057	1.25
dd084	-0.020909091	0.133090909	6.261555	6.083933	1.248616	-3.0	0.19898	0.12788	0.1708	0.1834	1.75747
dd085	0.008545455	-0.425272727	15.00671	6.083933	1.248616	-3.0	0.19898	0.12788	0.1708	0.1834	1.75747
dd086	0.01	0.8	6.660081	5.011121	6.763315	-3.0	0.1818	0.1794	0.1288	0.3277	1.11111
dd087	0.0	0.0	1.776256	-3.0	8.146256	6.299708	0.1818	0.1794	0.1798	0.0954	1.11111
dd080	-0.23	1.04	6.083933	6.083933	5.877836	-3.0	0.19898	0.12788	0.1798	0.0954	1.11111
dd081	-0.23	1.04	6.083933	6.083933	2.536915	-3.0	0.19898	0.12788	0.1288	0.3277	1.11111
dd082	-0.034181818	0.214	13.056409	-3.0	3.903038	-3.0	0.1798	0.0954	0.1288	0.3277	1.11111
dd083	0.21	0.15	4.044693	-3.0	3.050504	-3.0	0.1798	0.0954	0.1288	0.3277	1.11111
dd172	0.22	-2.66	7.755963	-3.0	4.47914	-3.0	0.9449	0.9378	0.866	0.12788	1.25
dd123	0.0	-0.73	7.066337	-3.0	7.727686	-3.0	0.2314	0.1027	0.6907	0.6866	13.08587
dd117	0.04	-0.23	6.978255	-3.0	6.821208	-3.0	0.2794	0.8931	0.1095	0.5854	18.88889
dd118	0.012727273	-0.317636364	12.685307	-3.0	6.183258	-3.0	0.2794	0.8931	0.1095	0.5854	18.88889
dd119	0.02	-0.63	2.977757	-3.0	6.183258	6.183258	0.1231	0.3662	0.1095	0.5854	91.47641
dd121	-0.001454545	0.218181818	7.096448	-3.0	5.930772	-3.0	0.2794	0.8931	0.1231	0.3662	71.36923
dd200	-0.08	1.2	6.094018	-3.0	5.533644	-3.0	0.7218	0.39	0.5426	0.1321	12.07128
dd171	0.03	-1.03	4.782345	4.782345	7.460644	7.460644	0.2677	0.3663	0.1529	0.3238	11.21556
dd215	-0.16	-0.08	2.22765	-3.0	4.071779	3.839352	0.1123	0.1568	0.4069	0.3841	17.77778
dd030	0.0	0.0	0.236712	-3.0	0.078609	0.078609	0.2794	0.8931	0.1231	0.3662	71.36923
dd065	0.21	0.15	3.426056	-3.0	7.073464	-3.0	0.1164	0.3326	0.2734	0.2578	5.0
dd064	0.05	-0.81	2.891502	-3.0	6.915142	-3.0	0.1164	0.3326	0.7053	0.2975	1.73611
dd063	0.05	-0.81	2.891502	-3.0	5.766515	-3.0	0.1164	0.3326	0.7053	0.2975	1.73611
dd062	0.05	-0.81	2.891502	-3.0	4.025931	-3.0	0.1164	0.3326	0.7053	0.2975	1.73611
dd069	0.05	-0.81	5.624329	-3.0	6.27885	-3.0	0.2734	0.2578	0.7053	0.2975	6.94444
dd068	0.02	-0.36	6.762206	-3.0	4.457423	-3.0	0.3221	0.3367	0.7053	0.2975	1.11111
dd146	0.19	0.51	3.944351	-3.0	4.548794	-3.0	0.1846	0.375	0.5116	0.4388	20.0
dd145	0.18	-1.05	4.022801	-3.0	4.82426	-3.0	0.1846	0.375	0.5116	0.4388	20.0
dd221	0.14	-0.69	6.591219	-3.0	5.336678	-3.0	0.24	0.1103	0.0774	0.1702	1.25
dd206	0.15	0.06	5.244903	-3.0	6.910184	-3.0	0.4294	0.5056	0.0554	0.1054	18.6768
dd008	-0.04	0.63	6.294471	-3.0	7.283819	-3.0	0.2521	0.1784	0.3212	0.203	1.23457
dd007	-9.09e-05	0.011090909	1.937719	-3.0	6.034394	-3.0	0.2521	0.1784	0.3212	0.203	1.23457
dd124	-0.15	-0.04	4.249267	-3.0	5.347788	-3.0	0.1209	0.3388	0.2521	0.1784	15.78704
dd009	-9.09e-05	0.011090909	1.937719	-3.0	3.91062	-3.0	0.2521	0.1784	0.3212	0.203	1.23457
dd154	0.014181818	-0.071090909	8.430845	8.430845	7.469026	-3.0	0.0783	0.163	0.3212	0.203	1.25
dd153	0.005636364	-0.212181818	16.249955	5.658851	7.568779	-3.0	0.1209	0.3388	0.3212	0.203	8.05556
dd066	0.05	-0.81	2.891502	-3.0	6.837372	-3.0	0.1164	0.3326	0.2734	0.2578	5.0
dd209	0.17	0.38	3.009409	-3.0	2.368384	-3.0	0.6724	0.3696	0.4069	0.3841	5.75579
dd216	-0.03	-0.1	2.649067	-3.0	4.071779	3.839352	0.6724	0.3696	0.4069	0.3841	5.75579
dd211	-0.04	0.23	5.513781	-3.0	9.441786	-3.0	0.439	0.1676	0.3592	0.12788	4.72
dd010	-0.01	0.57	7.764787	-3.0	3.074713	-3.0	0.5958	0.0929	0.1201	0.1062	13.05556
dd204	-0.23	1.04	6.083933	6.083933	1.248616	-3.0	0.19898	0.12788	0.1708	0.1834	1.75747
dd113	0.21	0.15	5.95196	-3.0	14.592698	3.924657	0.19898	0.12788	0.0548	0.1728	1.25
dd112	-0.02	-0.45	4.984436	4.984436	3.494072	-3.0	0.1818	0.1794	0.2118	0.2009	1.11111
dd111	0.14	-0.37	6.58084	6.58084	2.308629	-3.0	0.0837	0.2081	0.2118	0.2009	10.83333
dd217	0.14	-1.85	3.627813	-3.0	3.019889	1.869377	0.1916	0.1025	0.4069	0.3841	18.6768
dd210	0.0	-0.73	6.512669	-3.0	2.758548	-3.0	0.439	0.1676	0.1916	0.1025	10.30286
dd067	-0.23	1.86	6.664109	-3.0	6.763315	-3.0	0.3221	0.3367	0.7053	0.2975	1.11111
dd222	-0.14	1.01	5.863468	-3.0	6.763315	-3.0	0.3667	0.2135	0.4113	0.2303	1.25
dd002	-0.05	-0.29	-1.418996	-3.0	6.664169	-3.0	0.1296	0.164	0.4294	0.5056	1.25
dd005	0.04	2.01	-0.562827	-3.0	3.477228	-3.0	0.2097	0.1996	0.5116	0.4388	1.25
dd006	0.09	-0.3	5.344639	-3.0	3.94135	3.94135	0.6992	0.1804	0.3212	0.203	14.50935
dd134	0.09	-0.3	5.344639	-3.0	3.662864	-3.0	0.6992	0.1804	0.2613	0.3194	5.73099
dd108	-0.02	-0.45	3.592997	3.592997	4.677368	-3.0	0.0984	0.1489	0.0548	0.1728	5.0
dd218	0.22	-2.66	7.841386	-3.0	7.471246	-3.0	0.853	0.5014	0.24	0.2063	10.41667
dd023	-0.15	-0.04	-0.116848	-3.0	7.63484	-3.0	0.1954	0.5406	0.1429	0.1762	1.25
dd038	0.002	-0.053818182	0.7361	0.7361	7.584707	7.584707	0.0626	0.5373	0.5581	0.9859	23.44356
dd039	0.035272727	-0.324545455	7.18287	7.18287	0.716822	-3.0	0.0626	0.5373	0.5581	0.9859	23.44356
dd042	0.03	0.12	7.354492	-3.0	2.714324	-3.0	0.2375	0.3418	0.19898	0.1536	10.34314
dd205	-0.04	-2.01	6.137206	-3.0	3.36174	-3.0	0.2375	0.3418	0.19898	0.1536	10.34314
dd212	0.21	0.15	7.710676	-3.0	6.721283	-3.0	0.9895	0.3376	0.6724	0.3696	1.73611
dd213	0.18	-1.05	7.549492	-3.0	8.3377	-3.0	0.9895	0.3376	0.6724	0.3696	1.73611
dd019	-0.09	0.3	4.569349	-3.0	5.900816	5.900816	0.0446	0.1057	0.3025	0.2499	10.77
dd020	-0.09	0.3	4.569349	4.569349	5.900816	-3.0	0.0446	0.1057	0.3025	0.2499	10.77
dd201	-0.08	-0.03	6.37427	-3.0	7.143004	-3.0	0.9963	0.786	0.1678	0.1337	4.72222
dd170	0.03	-1.03	8.026856	-3.0	1.488632	-3.0	0.9963	0.786	0.4358	0.1222	25.02588
dd143	-0.07	-0.38	0.39356	-3.0	12.116997	-3.0	0.4944	0.2064	0.1415	0.1396	11.25
dd142	0.08	0.03	0.626099	-3.0	5.427254	-3.0	0.4944	0.2064	0.9963	0.786	1.25
dd165	-0.15	1.06	3.844893	-3.0	4.007257	-3.0	0.1177	0.1598	0.6749	0.1239	10.83333
dd164	0.01	0.8	7.109809	-3.0	4.236768	-3.0	0.9963	0.786	0.6749	0.1239	1.25
dd167	0.09	-1.07	5.838798	-3.0	-1.035852	-3.0	0.9302	0.1419	0.3834	0.3731	10.0
dd166	-0.04	-2.01	5.928741	-3.0	4.577857	-3.0	0.9963	0.786	0.3834	0.3731	5.0
dd169	0.09	-1.07	5.838798	-3.0	5.143762	-3.0	0.9302	0.1419	0.9963	0.786	10.0
dd168	0.09	-1.07	5.838798	-3.0	3.009604	-3.0	0.9302	0.1419	0.3834	0.3731	10.0
dd032	0.01	0.8	7.264648	-3.0	6.648703	-3.0	0.4192	0.3515	0.2238	0.4172	1.11111
dd027	0.17	0.38	1.368239	-3.0	7.049399	-3.0	0.4916	0.4104	0.1083	0.6197	18.88889
dd037	0.04	-0.23	6.91707	-3.0	7.073804	-3.0	0.3494	0.2097	0.0766	0.1039	1.11111
dd049	-0.14	0.69	7.683077	-3.0	5.1686335	-3.0	0.3494	0.2097	0.1735	0.12788	10.0
dd162	0.012	-0.1	4.911373	-3.0	7.483508	5.899555	0.24	0.1103	0.1583	0.12788	1.25
dd163	-0.02	-0.32	2.32518	-3.0	6.37672	-3.0	0.24	0.1103	0.0774	0.1702	1.25
dd157	0.14	-1.01	6.758847	-3.0	9.922382	5.113278	0.1209	0.3388	0.1583	0.12788	8.05556
dd161	0.02	-0.36	7.586232	-3.0	8.4803	8.4803	0.24	0.1103	0.1583	0.12788	1.25
dd155	0.012	-0.1	3.469782	3.469782	6.363336	-3.0	0.1209	0.3388	0.0774	0.1702	8.05556
dd156	-0.02	0.68	4.116884	-3.0	12.44128	7.620306	0.3069	0.1648	0.0774	0.1702	2.77778
dd195	0.0	0.0	-0.036514	-3.0	3.777325	-3.0	0.5426	0.1321	0.1022	0.1601	21.09504
dd103	0.034181818	-0.110545455	9.786531	5.748792	7.557297	-3.0	0.0984	0.1489	0.1798	0.0954	4.72222
dd104	0.22	-2.66	7.561026	7.561026	6.329919	-3.0	0.0984	0.1489	0.4675	0.3057	1.25
dd101	-0.12	0.06	6.934162	6.934162	2.458271	-3.0	0.1798	0.0954	0.0548	0.1728	4.72222
dd102	-0.02	-0.32	5.748792	5.748792	-1.583464	-3.0	0.0984	0.1489	0.4675	0.3057	1.25
dd107	0.008545455	-0.425272727	15.00671	6.083933	4.53518	-3.0	0.19898	0.12788	0.4118	0.2008	1.11111
dd105	0.008545455	-0.425272727	15.00671	15.00671	1.129202	-3.0	0.19898	0.12788	0.1798	0.0954	1.11111
dd106	0.0	0.0	0.667607	0.667607	5.483611	-3.0	0.19898	0.12788	0.2118	0.2009	1.11111
dd109	0.02	-0.28	3.015115	3.015115	-0.253848	-3.0	0.0984	0.1489	0.4675	0.3057	1.25
dd110	-0.09	0.25	-2.081874	-3.0	8.146256	6.299708	0.0984	0.1489	0.1798	0.0954	4.72222
